14

4
0
255 0 0
0 0 0
200 200 0 0
50 270 90 0

4
0
255 0 0
0 0 0
200 300 0 0
50 270 90 0

1
0
255 0 0
0 0 0
200 150 200 350
0 0 0 0

1
0
255 0 0
0 0 0
300 150 300 325
0 0 0 0

1
0
255 0 0
0 0 0
350 150 350 325
0 0 0 0

4
0
255 0 0
0 0 0
325 325 0 0
25 180 0 0

1
0
255 0 0
0 0 0
400 150 400 350
0 0 0 0

4
0
255 0 0
0 0 0
400 200 0 0
50 270 90 0

1
0
255 0 0
0 0 0
500 150 500 350
0 0 0 0

1
0
255 0 0
0 0 0
450 150 550 150
0 0 0 0

4
0
255 0 0
0 0 0
680 240 0 0
40 0 180 0

4
0
255 0 0
0 0 0
760 240 0 0
40 0 180 0

1
0
255 0 0
0 0 0
640 240 720 320
0 0 0 0

1
0
255 0 0
0 0 0
800 240 720 320
0 0 0 0

