1
1
0
255 0 0
76 50
186 58

1
1
0
255 0 0
75 51
71 158

1
1
0
255 0 0
72 157
193 156

1
1
0
255 0 0
270 109
385 114

1
1
0
255 0 0
327 59
327 178

1
1
0
255 0 0
458 119
609 124

1
1
0
255 0 0
538 59
524 194

1
1
0
128 0 255
72 239
68 386

1
1
0
128 0 255
70 241
182 246

1
1
0
128 0 255
68 306
164 313

1
1
0
128 0 255
67 386
171 385

1
1
0
128 0 255
295 245
212 246

1
1
0
128 0 255
212 247
210 380

1
1
0
128 0 255
209 377
305 377

1
1
0
128 0 255
302 319
303 377

1
1
0
128 0 255
270 321
337 319

1
1
0
128 0 255
359 243
362 383

1
1
0
128 0 255
358 244
421 245

1
1
0
128 0 255
363 316
416 312

1
1
0
128 0 255
362 385
429 385

1
1
0
128 0 255
539 323
539 384

1
1
0
128 0 255
538 299
541 300

1
1
0
128 0 255
624 326
585 325

1
1
0
128 0 255
586 326
585 355

1
1
0
128 0 255
584 354
625 353

1
1
0
128 0 255
624 354
623 386

1
1
0
128 0 255
583 382
623 387

1
1
0
128 0 255
74 504
134 499

1
1
0
128 0 255
72 504
74 567

1
1
0
128 0 255
74 568
136 567

1
1
0
128 0 255
134 568
138 630

1
1
0
128 0 255
79 628
136 629

1
1
0
128 0 255
177 423
185 628

1
1
0
128 0 255
182 497
262 503

1
1
0
128 0 255
261 502
258 630

1
1
0
128 0 255
303 504
305 617

1
1
0
128 0 255
300 483
299 474

1
1
0
128 0 255
386 483
387 633

1
1
0
128 0 255
387 633
439 596

1
1
0
128 0 255
344 518
436 507

